10000
1
33
258
21
114
242
84
63
217
94
249
215
189
225
173
20
226
94
75
251
102
132
152
224
119
132
135
197
261
27
11
15
112
269
88
226
264
225
41
233
19
291
148
260
268
73
280
246
219
56
249
21
240
102
298
59
234
185
8
247
212
19
262
25
288
102
3
4
27
45
237
98
88
137
111
108
211
143
55
182
251
4
256
191
158
254
250
92
191
10
39
104
29
53
181
70
208
184
74
287
281
64
86
121
201
249
230
164
92
37
99
44
93
55
235
252
61
238
96
252
248
188
56
30
241
289
100
201
226
226
189
207
290
27
81
244
276
11
160
120
100
259
164
193
66
152
197
127
142
294
80
142
182
188
172
175
178
24
77
156
251
266
63
293
45
196
237
21
259
150
193
59
109
58
5
176
262
202
55
156
196
187
298
78
76
223
254
6
247
83
214
198
101
29
244
146
226
181
219
185
83
112
297
245
222
2
121
184
204
228
40
153
116
91
231
244
14
237
2
261
20
216
212
121
245
156
19
171
89
238
109
173
51
106
170
25
108
43
262
64
271
2
217
87
145
201
83
159
190
85
173
263
53
137
136
299
45
156
222
134
146
83
59
249
189
229
275
49
272
237
166
296
291
135
83
137
88
219
48
279
4
273
294
110
110
130
109
155
38
83
42
185
167
153
134
108
135
161
158
107
98
76
103
90
211
239
279
0
210
79
31
214
53
25
24
215
207
185
123
246
21
165
183
240
70
69
48
205
231
258
65
29
34
220
171
298
211
202
298
121
282
81
88
35
106
164
250
65
102
125
11
123
42
246
115
113
16
215
70
247
174
135
28
260
108
200
258
19
102
8
141
84
89
229
171
247
145
174
13
247
299
76
122
42
23
237
207
91
153
277
38
79
165
66
39
273
18
50
292
121
58
185
257
200
166
181
199
12
55
212
259
106
41
82
200
116
71
107
207
224
137
297
3
2
63
95
275
82
145
19
255
255
205
264
155
71
145
55
135
252
19
147
59
112
281
11
280
52
119
187
277
8
184
32
10
0
127
37
134
24
56
141
280
261
105
187
85
3
294
272
7
14
119
66
178
100
130
159
153
1
98
182
9
35
266
19
35
146
56
221
170
164
62
202
178
219
90
15
274
84
287
282
150
107
100
29
259
230
240
112
231
38
46
240
73
13
11
160
159
119
81
81
284
195
284
162
115
126
177
141
262
216
123
113
23
224
194
283
154
186
147
138
224
246
78
50
259
142
210
170
261
292
3
245
187
39
159
54
217
88
196
180
5
71
45
80
295
291
115
202
177
15
40
101
261
170
151
272
12
114
142
274
106
197
271
45
237
183
152
154
271
100
86
276
171
131
109
219
122
224
121
299
239
213
153
200
83
56
172
148
170
66
174
28
264
197
74
253
80
278
159
52
130
246
80
1
129
189
220
252
166
93
3
105
6
208
58
142
265
282
290
187
49
216
216
65
113
42
70
194
72
281
298
202
227
78
203
109
20
176
113
186
21
168
43
28
77
153
222
94
136
264
281
237
180
249
54
293
291
124
239
115
105
237
17
85
16
273
246
88
149
59
274
170
227
69
250
4
223
224
150
59
188
132
48
120
133
102
114
177
226
53
292
83
43
10
220
59
283
166
199
184
225
225
106
205
294
109
209
217
33
112
28
274
296
76
94
129
178
260
6
156
66
51
240
109
61
212
220
96
79
119
280
56
44
86
261
38
195
223
8
281
35
36
255
31
165
49
160
43
10
219
252
128
270
192
237
83
104
157
179
235
276
211
292
72
49
253
162
297
176
170
278
263
259
285
294
124
86
207
219
148
178
171
276
200
115
213
283
272
122
214
207
98
177
199
222
226
205
85
275
133
255
253
97
266
290
91
142
77
50
62
225
228
285
202
128
101
115
163
125
238
129
32
88
6
284
63
285
241
148
260
74
155
266
171
122
256
15
264
33
65
78
259
294
64
213
174
217
28
38
42
18
219
126
159
226
162
222
211
103
70
171
178
277
189
101
151
146
116
116
179
234
246
190
280
62
103
154
31
184
244
73
202
164
252
113
142
114
35
105
270
157
276
200
135
218
1
286
64
170
154
295
104
153
186
136
215
41
290
247
225
287
72
180
203
76
45
97
191
81
202
213
290
230
113
177
148
114
216
212
36
70
208
140
275
146
276
243
239
19
190
217
58
14
149
13
91
194
110
34
27
12
247
18
242
60
247
91
226
163
55
263
286
15
155
261
161
184
204
153
203
146
70
13
161
219
26
4
165
136
90
193
148
89
263
142
201
210
233
127
74
41
142
112
56
298
73
270
182
30
123
137
176
193
150
89
164
228
145
29
64
235
274
264
24
237
158
277
200
144
105
26
185
299
138
241
49
263
211
283
293
34
120
222
279
22
63
195
250
209
277
66
196
251
82
273
241
241
250
141
85
107
219
270
107
57
211
156
20
123
140
14
209
12
288
241
87
51
136
37
12
165
156
209
169
238
234
110
179
236
3
264
96
222
234
203
31
146
111
51
21
3
117
282
16
105
223
155
157
112
192
169
277
48
130
146
287
116
8
218
53
63
183
149
37
117
104
68
15
267
120
88
271
237
71
39
43
46
194
252
158
138
121
188
239
4
86
278
120
147
196
225
210
79
126
0
249
230
68
264
250
240
53
221
230
176
12
25
222
258
277
133
96
150
73
35
206
159
13
27
58
262
4
21
41
131
21
290
113
141
7
63
134
60
36
64
288
48
141
262
6
118
95
155
20
168
242
279
80
8
58
138
270
62
159
11
193
180
54
59
74
61
122
208
173
159
272
161
259
113
123
18
283
219
173
55
139
115
34
219
175
92
58
145
207
269
157
152
150
211
211
224
24
86
184
197
297
156
58
256
21
233
274
56
204
199
163
44
67
198
15
242
42
125
88
249
95
297
154
297
260
65
273
284
151
157
233
148
65
43
157
86
276
183
194
181
135
57
277
202
7
44
196
102
222
36
103
17
85
257
66
45
75
39
81
226
248
14
127
13
57
36
151
34
219
45
267
54
154
296
8
214
92
257
16
14
293
171
83
79
129
149
176
204
188
258
182
188
272
61
201
82
97
52
168
69
149
187
175
56
183
184
270
27
193
38
42
186
209
177
17
90
27
194
46
267
152
229
156
176
42
57
10
192
162
178
261
11
65
136
67
0
72
89
28
265
127
122
204
37
299
221
127
78
167
174
46
19
155
202
248
197
11
258
89
225
189
102
237
254
291
56
255
63
198
35
81
25
209
285
62
208
258
242
287
126
116
85
197
23
39
197
272
50
208
114
276
97
216
265
51
207
73
58
23
271
145
104
297
54
141
111
15
99
53
54
277
221
139
175
296
178
124
269
280
32
83
8
129
51
25
181
259
99
291
34
122
137
138
171
191
31
283
206
182
88
12
160
62
151
87
110
81
211
79
114
244
214
122
125
266
148
6
277
299
50
11
121
187
201
293
78
232
28
37
114
168
49
26
230
253
113
41
34
77
172
200
21
87
23
198
105
223
205
82
274
7
145
147
194
98
192
24
30
220
113
196
141
163
223
123
168
88
164
254
165
89
155
238
228
230
137
33
153
94
167
179
101
64
26
47
162
219
71
244
191
185
140
32
100
115
156
268
256
72
274
121
161
129
112
141
59
1
226
264
95
145
143
248
209
222
295
123
141
66
67
32
3
260
65
103
127
273
123
83
45
98
257
259
279
121
100
91
122
27
55
269
224
251
217
134
173
212
257
66
30
77
150
86
37
267
241
164
240
117
0
286
215
257
297
246
78
149
37
252
176
145
221
101
148
138
287
73
102
296
139
184
73
289
270
110
257
264
27
197
81
79
235
48
36
284
294
166
134
84
170
62
229
91
215
129
281
202
202
135
199
41
71
24
82
94
187
91
58
266
289
139
45
276
187
133
261
233
51
147
17
221
209
298
64
125
127
97
27
29
232
278
122
55
55
205
149
242
296
207
208
37
98
5
66
37
138
79
271
189
226
40
162
135
39
226
12
166
23
92
248
7
122
122
62
177
27
212
171
76
171
131
165
22
136
283
59
274
62
30
215
40
71
77
228
162
3
240
80
78
32
28
85
155
151
148
84
230
112
256
58
35
139
224
57
276
207
117
2
22
199
270
114
22
47
42
184
103
35
265
181
67
293
19
274
196
219
111
127
31
119
185
118
258
161
176
234
121
293
289
195
244
259
9
267
58
52
151
161
87
116
95
206
162
166
233
58
85
44
237
168
163
175
286
121
88
214
108
209
207
97
156
204
108
166
171
166
270
22
80
57
191
175
15
53
93
248
163
178
44
153
98
207
80
136
81
168
51
189
130
258
38
286
214
146
204
85
12
174
108
92
283
51
19
299
156
164
299
19
42
44
224
192
3
4
29
136
225
80
25
107
90
115
145
5
13
50
90
26
276
250
170
260
53
242
11
209
158
10
281
201
106
205
145
162
262
174
298
239
6
76
46
97
191
191
102
205
293
244
283
270
247
205
230
0
199
293
210
58
55
191
11
162
148
208
76
110
83
74
49
89
202
147
238
146
91
92
103
84
37
138
54
284
95
36
284
295
29
246
105
85
137
168
299
38
76
75
148
211
201
250
53
156
149
43
2
240
136
105
25
173
243
131
209
90
168
245
137
197
192
242
34
81
162
33
119
291
160
268
254
114
270
7
22
171
51
24
112
239
181
189
112
176
20
73
266
188
18
104
138
262
98
224
44
13
10
163
4
222
183
10
36
205
18
58
77
121
134
189
112
15
78
276
243
150
49
210
91
67
66
229
82
164
153
126
229
215
289
233
138
173
244
174
78
14
285
155
187
171
96
299
239
226
275
182
129
76
144
220
195
210
201
277
127
106
103
56
22
93
42
160
18
286
86
148
52
71
56
291
295
152
42
234
131
17
116
260
145
13
180
40
223
81
18
102
239
121
159
261
266
201
121
284
239
208
133
291
31
189
34
26
93
76
12
276
93
129
288
238
194
168
30
117
1
48
220
241
222
131
254
188
32
76
225
271
36
110
14
67
51
48
146
196
176
158
173
21
287
161
259
181
82
41
51
135
90
23
128
64
154
83
252
238
211
229
261
247
39
27
14
142
127
160
39
3
19
264
24
58
125
35
292
259
76
95
95
166
118
275
230
24
110
235
262
21
216
223
268
8
250
35
150
77
247
241
80
266
205
104
77
83
191
121
42
267
216
189
186
86
165
168
110
275
103
124
49
72
47
69
80
49
104
230
178
52
172
10
70
77
166
199
160
57
20
255
24
236
144
210
74
61
79
184
89
234
60
138
58
159
259
138
208
64
121
138
168
293
148
238
122
14
190
35
71
210
42
148
199
186
110
273
0
241
210
89
228
270
279
286
130
238
125
90
54
298
229
222
291
129
213
165
144
103
252
267
13
294
167
264
233
278
290
233
219
200
74
199
222
53
186
104
43
63
195
98
61
176
20
104
5
285
21
201
88
274
221
154
20
88
118
253
66
108
186
38
60
260
289
35
65
175
139
109
290
34
207
103
262
279
207
268
265
281
221
105
255
142
259
27
231
130
281
49
290
219
139
103
180
129
138
297
56
277
106
47
64
65
150
78
45
110
46
62
91
268
167
98
110
179
125
93
61
158
143
103
78
34
206
10
163
44
7
220
74
114
19
190
231
221
268
28
83
67
90
174
87
10
24
249
241
202
43
2
60
238
105
138
272
64
200
188
160
208
160
286
74
231
176
5
152
197
86
236
264
176
162
51
238
187
0
231
89
95
285
201
33
143
40
58
207
292
246
67
200
158
106
26
89
282
84
241
179
170
229
195
98
92
246
37
279
299
268
120
94
254
21
180
97
113
238
56
106
236
175
58
94
281
85
183
16
169
176
195
39
106
143
137
250
89
226
281
140
247
101
287
253
174
167
102
288
157
158
146
145
33
204
291
67
41
174
83
262
102
30
1
260
173
191
210
15
117
191
155
116
292
142
69
219
61
171
259
218
29
105
115
115
61
106
182
155
280
17
117
135
47
171
95
221
62
6
236
231
197
143
48
242
286
117
161
47
41
172
18
70
29
133
237
142
240
171
297
272
188
115
107
288
286
255
209
100
261
197
31
210
40
131
152
78
1
65
126
42
289
196
164
18
29
102
161
21
25
158
46
266
25
153
254
63
108
215
163
121
112
247
32
204
78
236
283
131
54
161
173
43
57
38
62
138
192
223
212
217
133
258
183
211
111
189
274
272
104
190
145
216
137
177
121
267
114
156
99
168
17
24
211
126
62
25
264
6
248
228
276
134
186
159
45
50
101
71
74
205
261
219
122
150
97
295
118
263
151
269
183
220
293
146
46
108
172
62
114
172
291
90
58
177
2
103
279
103
175
53
60
188
273
182
39
122
229
209
85
132
230
20
52
223
166
150
83
90
213
250
263
256
92
73
133
146
177
165
1
104
218
62
292
191
296
83
13
278
292
150
110
222
170
215
198
89
117
33
179
30
283
194
38
128
268
224
26
197
89
28
1
7
142
45
199
138
129
264
168
173
115
279
96
37
246
294
126
63
79
6
146
63
200
184
243
168
160
269
117
249
49
118
257
191
216
208
82
97
172
250
270
39
281
118
77
279
112
203
95
192
261
241
7
162
177
2
82
38
23
200
287
73
70
296
16
38
204
150
135
129
153
158
168
186
276
297
166
141
201
261
85
162
254
144
76
183
146
211
221
169
163
261
294
285
9
63
24
266
265
211
95
170
69
15
57
46
13
275
187
266
236
272
180
242
116
9
125
14
220
99
235
83
60
230
68
121
45
144
87
10
56
182
181
125
250
290
223
15
265
162
33
253
186
213
195
54
274
20
68
194
119
4
29
231
286
150
53
31
46
192
93
102
127
26
280
77
16
255
92
33
118
125
286
4
90
181
111
65
254
179
11
125
235
93
109
221
295
214
4
41
106
98
196
233
176
228
62
245
183
206
278
53
31
265
110
174
198
221
291
204
152
54
30
88
199
191
9
246
105
66
288
263
216
236
197
92
216
11
37
151
218
68
205
1
85
67
175
35
40
218
240
192
25
22
32
224
213
42
171
70
108
211
33
24
199
282
168
115
294
258
266
212
26
223
213
163
42
141
198
82
59
138
27
136
160
59
61
125
153
284
195
13
247
281
37
146
263
258
13
257
216
279
221
294
255
135
209
297
276
107
80
87
246
107
224
158
218
37
36
72
73
231
85
20
212
175
218
176
133
231
185
101
262
107
147
217
294
56
215
270
163
47
109
161
206
85
72
124
122
108
196
247
91
282
19
4
209
237
232
94
220
169
247
235
28
94
152
22
202
119
44
117
166
154
31
124
291
103
249
114
263
145
113
54
179
133
58
140
122
42
234
43
212
181
30
240
27
234
15
229
54
59
47
272
265
78
97
257
233
98
123
196
243
236
250
175
69
61
15
244
103
2
39
67
183
69
8
211
3
75
192
109
134
239
82
100
69
231
109
2
29
232
198
24
168
201
251
290
262
19
234
65
21
25
185
256
94
193
219
149
268
112
259
154
103
93
6
225
24
115
279
105
47
178
181
268
131
133
258
93
152
244
210
225
21
95
233
115
40
153
264
60
17
223
215
172
68
221
149
92
37
129
249
136
59
131
104
190
16
114
283
168
110
245
145
131
41
78
246
81
283
263
142
52
238
109
277
7
82
126
151
171
255
101
8
14
284
112
256
0
279
239
220
89
185
65
221
278
195
219
111
179
182
5
283
173
114
260
180
249
87
31
120
94
184
128
161
168
293
117
220
272
109
140
61
46
257
34
24
153
254
135
84
188
141
67
61
7
80
241
256
219
25
77
13
261
257
226
182
250
44
102
274
153
295
36
251
252
122
275
157
128
162
241
17
3
61
130
63
141
124
19
60
149
148
125
162
106
52
44
56
148
199
31
53
194
119
4
198
293
279
56
122
193
49
191
197
110
21
12
251
145
31
63
46
180
189
209
286
293
5
94
141
256
177
246
202
48
250
101
42
281
209
216
174
258
107
123
69
128
135
72
26
219
136
72
99
25
33
137
70
39
283
263
295
161
209
250
261
211
51
55
244
12
271
118
270
78
294
39
259
129
112
285
48
0
109
199
77
143
88
147
234
72
110
281
285
71
231
298
34
282
54
278
294
77
148
17
208
142
108
167
24
272
204
124
272
13
76
49
156
164
196
90
236
58
72
273
181
3
272
215
38
78
193
84
155
94
101
63
236
262
230
260
234
186
137
207
200
213
256
108
77
205
199
66
15
23
39
197
78
63
164
168
141
110
253
49
204
106
112
192
68
95
205
3
281
42
262
233
255
270
42
32
175
293
150
243
16
242
192
146
5
56
15
199
218
20
248
174
178
112
67
247
207
272
2
241
14
16
174
269
286
216
53
162
209
204
157
277
146
49
124
203
105
191
102
76
211
102
250
89
215
17
88
174
41
142
115
55
158
42
76
145
258
182
59
220
86
216
197
284
265
73
187
122
264
42
250
227
196
201
17
111
270
157
38
64
0
205
171
158
247
248
3
258
130
114
230
268
82
179
4
47
253
191
222
269
285
172
197
182
125
266
45
148
123
83
212
123
41
83
282
288
83
37
298
265
204
228
233
286
108
289
86
113
181
8
82
166
232
31
100
110
297
146
258
121
281
170
296
22
5
30
11
89
120
9
54
24
290
40
62
98
29
148
211
262
208
293
181
193
77
281
3
74
179
13
247
161
235
244
183
240
274
246
81
146
8
136
170
298
228
233
96
9
133
59
272
42
104
205
287
181
238
290
256
118
3
255
279
238
199
214
230
226
161
12
72
169
200
295
167
128
280
15
189
165
74
213
259
178
118
246
112
109
236
68
227
291
23
258
281
275
172
212
253
85
276
77
254
176
124
173
56
104
188
297
22
14
211
281
245
81
228
57
190
216
177
169
260
252
179
241
279
52
205
232
189
233
62
144
109
186
69
217
43
10
215
65
24
178
46
21
11
26
130
202
243
7
123
203
12
3
196
291
107
154
276
296
87
38
192
249
224
262
218
19
272
133
84
48
63
183
70
75
209
200
29
152
260
204
107
272
207
4
263
66
158
239
63
245
29
255
246
6
269
165
25
241
50
110
290
114
45
112
241
254
12
22
159
272
226
266
296
134
22
12
252
180
3
15
178
33
23
176
39
292
41
64
286
92
226
276
258
23
88
251
278
152
273
189
177
199
155
173
85
178
237
38
110
241
105
40
274
180
217
65
225
10
181
211
102
108
239
112
183
79
63
161
231
88
50
160
40
258
86
125
188
23
215
50
264
73
91
290
253
60
55
178
70
237
89
225
97
80
37
280
159
153
194
91
241
296
3
33
254
89
159
194
165
126
245
129
199
36
120
205
96
175
83
218
164
225
143
261
5
233
242
165
86
188
8
79
184
63
113
139
153
24
85
18
202
30
199
102
118
71
59
214
299
142
185
163
119
28
125
177
261
119
94
99
7
102
231
191
165
96
82
70
172
220
140
74
250
92
228
69
163
287
35
162
182
220
26
53
1
203
230
14
74
24
166
133
178
97
24
96
245
159
166
169
79
59
295
81
151
224
150
14
263
186
229
197
158
255
251
159
210
233
174
284
258
40
117
136
189
193
232
186
104
151
55
235
210
50
17
113
26
219
179
42
157
108
291
16
115
242
227
25
176
101
61
186
193
230
74
82
176
7
20
32
210
75
268
172
178
37
285
256
8
164
298
166
25
290
234
140
284
161
166
212
15
279
150
260
262
225
95
138
284
115
170
194
191
190
66
121
279
103
77
288
19
128
206
44
170
140
185
206
53
103
171
120
134
21
81
96
246
176
234
230
291
157
176
234
47
242
107
27
97
185
67
117
65
273
213
235
165
98
193
218
253
64
39
88
86
172
236
84
48
171
15
91
28
243
78
127
238
185
154
35
122
221
204
187
246
118
174
111
268
68
30
274
132
121
114
270
45
50
55
93
221
122
236
1
65
14
181
3
252
35
91
74
9
295
14
255
165
188
119
134
8
201
108
141
22
222
163
67
24
218
212
298
92
200
299
210
267
232
265
219
268
56
45
29
104
59
36
269
0
155
155
8
56
15
201
130
289
65
249
14
35
213
12
128
166
63
38
133
296
3
104
16
112
201
97
216
261
185
237
13
93
145
21
149
160
223
32
202
40
33
216
75
299
280
255
165
95
45
298
91
101
154
159
213
55
256
181
68
142
118
81
235
263
103
136
176
78
220
78
118
254
46
193
253
26
201
170
121
246
168
265
47
74
124
260
129
133
141
250
275
12
31
262
27
186
150
203
16
71
33
134
77
79
80
82
157
281
252
279
227
172
296
275
246
120
287
127
5
181
129
32
245
213
294
272
99
197
228
116
20
261
2
97
93
134
231
250
115
183
281
95
107
29
122
105
202
161
284
207
42
114
240
287
27
286
12
178
183
292
46
203
5
49
52
98
183
283
101
51
218
134
198
25
164
20
130
66
233
115
25
276
229
265
15
8
4
79
186
187
71
233
143
77
34
195
175
217
231
28
20
149
215
218
175
79
290
57
197
224
172
222
252
153
240
267
161
244
47
100
183
170
33
26
247
67
274
175
36
205
255
57
106
170
275
281
249
18
39
198
242
263
173
194
117
113
213
30
109
12
130
292
183
215
71
130
282
97
57
19
2
13
128
160
183
155
194
185
173
233
83
167
248
256
61
117
121
27
148
230
39
30
223
222
246
46
105
280
143
162
51
197
227
179
57
111
87
251
296
260
236
131
128
237
88
241
54
209
268
254
192
8
37
115
282
283
213
139
15
56
54
67
5
281
298
114
144
85
66
140
98
54
24
278
291
112
219
98
73
240
104
265
0
141
132
282
124
97
122
192
205
228
259
210
209
9
25
106
95
143
298
245
249
22
223
293
186
194
91
260
134
195
277
134
37
110
117
213
207
291
105
113
271
116
75
232
126
152
38
273
295
37
218
297
59
193
290
246
87
133
206
222
28
235
56
117
45
225
83
5
268
240
170
239
57
297
172
235
150
262
208
197
299
178
194
59
71
184
5
210
17
263
132
98
198
241
215
296
218
50
53
239
291
275
178
48
272
102
35
122
117
295
20
116
173
214
175
296
151
232
258
168
247
91
18
146
84
286
194
2
36
299
241
27
274
172
127
246
26
162
121
143
209
193
260
82
107
187
130
10
120
89
179
67
232
197
265
16
235
211
70
272
210
12
299
184
236
179
183
262
93
56
158
3
249
170
137
108
57
268
119
229
109
298
297
93
247
14
161
183
226
231
207
188
295
258
125
231
137
8
246
231
116
104
234
65
274
71
173
83
91
292
13
252
42
62
45
42
76
206
277
54
190
184
243
185
142
68
169
32
128
115
263
244
271
249
9
297
20
234
132
164
279
145
168
21
259
214
63
88
172
92
142
114
276
137
0
171
205
221
203
85
88
218
29
111
167
90
160
239
77
292
155
56
190
24
77
149
290
193
237
214
285
80
29
14
269
81
237
175
2
192
260
142
110
42
253
29
184
113
20
261
105
176
17
295
200
95
145
242
40
134
156
77
266
185
143
236
266
132
111
20
24
123
162
186
217
115
215
102
280
236
63
86
164
81
133
116
228
30
58
268
165
214
97
131
100
241
67
118
73
230
139
150
106
53
36
23
221
4
125
201
292
241
287
156
22
173
272
2
203
30
22
68
296
119
252
96
112
71
267
186
54
158
88
212
211
124
235
132
128
113
86
172
54
125
28
128
298
52
130
202
134
152
22
131
23
26
279
136
98
246
22
204
104
162
116
68
286
103
252
167
216
38
39
22
164
120
202
162
224
84
116
59
288
139
242
12
165
221
148
15
220
222
271
24
84
87
144
122
191
97
289
159
135
81
234
51
253
136
214
177
273
82
288
261
221
230
273
139
204
121
206
124
43
178
200
179
17
45
2
208
194
43
120
81
124
54
133
129
242
99
59
215
181
47
177
155
30
202
46
286
24
4
162
119
234
62
299
252
159
53
212
53
96
32
187
273
138
20
102
133
171
161
48
104
261
277
259
43
180
57
29
256
62
191
75
296
5
126
248
165
179
213
270
28
245
157
1
136
229
103
269
100
17
69
205
278
47
216
73
279
274
154
235
88
97
62
136
102
189
137
19
120
50
42
148
47
199
149
183
181
5
204
33
22
274
290
52
73
207
177
52
233
31
39
21
128
101
157
282
42
294
2
163
96
44
63
144
295
265
27
228
270
232
262
44
258
252
148
31
211
25
135
144
56
174
217
236
275
75
218
18
121
220
233
218
16
296
114
64
261
141
292
283
125
254
79
135
259
279
166
170
4
1
15
112
175
232
48
203
59
19
273
233
291
206
203
8
254
17
124
268
210
116
251
88
123
83
223
82
62
142
4
119
143
71
231
71
4
32
26
115
51
299
100
42
205
3
102
159
72
226
127
283
95
131
71
218
214
46
52
28
188
56
147
84
128
79
207
184
163
233
51
266
232
152
8
189
207
163
100
280
89
228
15
184
111
138
154
77
184
206
105
73
15
5
209
143
84
116
79
299
49
130
265
33
282
25
222
190
188
22
222
30
2
237
214
113
75
121
242
259
27
48
84
42
105
293
237
241
161
16
240
210
147
205
243
181
230
165
123
171
240
45
201
242
34
167
108
109
288
50
121
16
150
257
110
255
251
48
248
164
64
188
75
211
145
70
93
128
288
216
299
228
14
200
222
48
67
82
158
56
185
31
124
87
288
234
95
291
282
43
156
47
232
283
10
77
53
155
205
41
124
204
269
138
156
244
186
224
26
96
32
211
179
156
51
168
90
146
159
125
189
67
224
121
50
234
251
104
142
208
145
266
165
167
104
21
163
42
297
189
191
81
153
70
237
204
290
80
50
150
257
291
269
181
165
20
167
116
176
61
76
21
27
293
240
183
15
103
278
64
45
169
198
250
291
135
154
282
267
256
184
276
247
153
157
164
225
77
32
101
138
109
175
218
102
115
101
169
271
131
286
68
0
184
18
44
71
224
78
91
180
262
67
179
167
277
44
93
106
76
194
244
237
121
162
40
289
16
261
12
147
247
80
200
131
98
296
255
22
74
46
254
36
113
133
203
142
229
48
248
6
295
193
295
116
107
35
105
175
49
117
75
296
249
27
180
47
23
187
121
97
233
75
185
98
261
140
241
190
189
189
248
236
134
244
52
294
31
210
221
80
79
296
129
29
75
61
128
98
248
250
247
181
77
132
279
38
25
272
281
266
214
229
202
48
225
6
94
257
268
16
89
100
64
218
181
140
279
9
290
227
11
238
160
141
122
192
179
147
164
212
165
130
194
67
179
119
74
25
128
94
93
270
194
158
188
75
50
220
85
40
199
148
30
112
289
205
4
221
52
220
133
270
51
27
37
282
199
163
59
27
258
153
297
204
63
238
280
165
210
117
205
161
265
288
273
7
193
29
280
297
250
113
267
53
193
57
87
92
220
146
171
230
299
221
135
114
211
115
279
173
232
237
34
249
225
60
8
118
89
288
167
91
154
135
144
47
192
283
191
164
130
114
95
181
87
282
296
50
97
27
223
81
264
258
82
189
18
91
59
159
79
227
251
233
114
147
32
6
131
223
222
261
90
17
194
177
299
242
228
148
270
203
229
234
161
64
176
231
155
235
143
286
214
94
220
80
241
4
86
124
228
61
85
70
78
32
247
130
274
227
278
244
131
260
179
44
24
107
28
231
42
171
217
9
265
189
89
258
194
228
83
174
289
220
244
119
4
243
249
279
171
280
275
54
240
206
98
16
13
126
247
108
49
216
117
14
106
258
25
0
238
160
174
227
132
118
47
137
113
48
116
284
28
91
38
20
50
137
36
63
15
35
171
65
252
40
131
58
299
208
110
237
68
284
217
201
154
16
90
267
64
258
4
145
101
94
165
151
231
254
215
299
289
138
116
293
179
247
103
230
208
213
219
276
249
136
229
155
152
19
175
269
277
179
166
79
273
83
230
257
37
197
8
79
36
124
72
215
123
228
145
31
141
64
60
91
253
41
298
157
61
173
178
90
104
44
221
130
128
204
87
165
101
147
296
189
23
121
104
146
49
1
230
190
118
290
33
123
31
84
280
144
257
159
287
62
255
208
244
83
112
31
1
266
230
297
155
253
170
12
99
219
65
81
162
235
71
247
110
155
31
91
299
41
2
286
155
257
247
99
93
111
182
94
77
112
143
285
65
14
49
216
285
166
298
199
102
121
147
212
28
230
55
80
271
109
66
126
67
65
225
212
177
159
58
6
271
201
291
88
267
92
5
5
259
55
204
61
228
103
25
257
34
133
37
57
242
155
184
61
221
161
273
150
21
31
156
44
285
200
133
252
292
190
257
251
297
214
64
225
17
142
182
103
275
271
161
217
127
97
279
100
258
252
250
31
36
158
128
21
58
261
25
103
151
35
106
200
249
223
125
18
65
60
122
40
31
35
9
210
132
288
62
142
293
64
226
81
223
54
102
33
15
127
136
218
162
295
118
163
218
295
182
283
55
4
75
139
91
84
101
223
125
164
65
170
228
291
251
203
45
53
237
112
232
125
82
95
120
200
258
38
196
192
73
3
248
148
194
39
233
296
262
110
212
80
280
192
123
231
96
221
284
85
85
268
210
168
115
83
68
126
173
16
18
247
72
267
147
266
58
80
14
73
242
226
153
222
119
28
153
267
249
189
52
35
158
14
255
273
97
75
99
271
92
170
270
216
189
117
234
247
250
1
20
192
227
225
115
98
254
268
117
255
210
169
42
120
184
297
93
281
73
245
4
217
115
274
133
4
144
119
3
94
120
24
286
100
249
101
198
255
122
68
211
84
237
253
204
121
251
49
155
24
46
211
241
213
238
126
217
82
245
273
228
118
297
214
218
298
68
168
254
242
236
217
26
174
222
282
47
225
83
254
249
130
218
242
43
156
120
13
290
118
286
218
236
283
132
206
33
252
74
39
194
63
256
272
237
179
6
36
104
90
43
106
220
261
100
263
169
273
276
159
91
14
77
79
49
261
285
83
266
111
122
160
174
131
185
163
62
191
200
218
281
243
76
253
256
229
217
125
202
245
284
45
12
113
176
61
126
161
144
92
24
19
5
199
202
190
62
16
133
14
234
167
9
63
120
265
292
89
142
246
87
178
291
99
291
167
160
170
80
57
262
104
128
19
3
30
209
118
98
95
132
32
262
142
147
82
159
139
224
2
137
11
180
128
110
224
47
270
94
179
27
108
284
155
128
39
237
89
209
35
184
42
120
198
236
19
281
95
159
205
149
296
216
30
177
78
6
276
48
100
156
128
260
140
35
88
231
25
230
141
112
114
183
232
13
171
252
46
18
163
3
168
211
271
250
140
49
256
117
149
108
273
277
68
113
65
209
96
90
139
237
202
5
172
135
70
43
139
168
62
54
171
282
17
194
284
158
295
240
275
145
100
248
174
220
113
239
181
209
29
72
147
232
78
71
119
148
115
10
17
229
116
240
263
133
187
247
291
182
239
266
79
91
214
254
11
27
245
193
289
275
265
136
259
95
207
130
296
74
140
65
55
8
5
70
141
244
17
133
127
256
99
258
47
66
264
111
145
210
56
134
237
73
22
196
169
282
78
217
108
270
282
164
278
39
234
119
284
4
252
163
12
104
121
112
170
86
223
67
48
31
202
285
104
224
181
25
258
11
242
67
281
276
283
259
16
217
78
52
273
83
215
286
187
88
98
109
226
73
176
274
104
130
259
208
55
192
286
65
203
228
132
184
257
115
143
273
85
274
25
58
57
292
96
296
80
194
105
7
267
33
33
123
164
293
84
271
237
70
36
141
50
169
77
7
36
273
32
121
299
109
232
56
101
28
52
234
275
209
293
242
242
26
118
158
19
202
129
9
24
166
202
74
87
279
134
123
4
218
297
3
28
229
111
129
9
215
63
284
124
56
279
119
83
97
277
154
51
159
215
75
77
117
201
164
149
87
39
153
6
88
209
34
69
20
163
79
236
279
63
112
87
94
283
222
191
13
77
242
224
44
69
1
162
23
217
11
110
8
216
116
97
125
202
166
198
66
297
186
97
113
50
184
207
34
107
151
99
236
145
23
280
215
24
194
238
293
257
100
1
174
269
98
51
171
17
249
289
66
135
86
179
186
23
139
272
130
290
123
118
135
146
150
102
222
45
92
215
54
245
268
228
214
119
280
85
136
281
75
254
169
213
134
107
236
25
131
118
15
254
236
202
152
139
57
74
236
149
41
290
94
61
271
60
180
3
146
68
284
221
23
205
134
209
12
71
234
143
241
1
97
230
203
1
69
260
75
57
162
168
47
8
230
18
69
110
21
215
179
58
188
254
263
74
163
276
197
97
171
139
98
21
69
53
22
190
66
150
247
280
18
294
288
0
65
109
163
138
76
94
248
16
48
212
91
211
240
288
60
111
179
210
184
248
263
207
190
81
57
137
61
127
184
102
180
249
211
43
139
40
189
88
56
237
0
199
200
292
188
260
155
119
170
40
120
185
299
10
267
108
148
28
287
32
182
167
33
146
262
172
186
151
260
294
88
12
194
288
56
134
0
212
253
170
4
73
56
3
84
75
163
284
155
150
68
38
18
101
184
32
25
122
184
38
116
24
102
10
65
159
144
65
123
150
236
127
223
44
182
59
119
45
95
26
195
163
64
265
16
0
298
42
122
234
132
291
258
234
1
23
93
198
89
216
48
77
95
23
121
277
135
292
74
230
18
270
146
135
287
162
135
37
256
10
271
88
1
230
23
54
5
168
252
94
137
52
171
232
76
44
210
211
88
284
193
159
6
39
294
46
254
181
83
262
243
55
51
296
285
126
51
42
46
55
137
183
108
60
116
236
157
78
199
245
62
144
104
121
236
150
167
190
32
250
204
27
57
255
24
94
133
127
137
180
182
274
63
42
86
231
30
243
9
281
241
124
126
45
245
62
248
164
4
32
166
208
59
224
216
83
18
101
210
155
281
145
181
97
187
268
28
270
263
38
251
204
162
77
2
159
191
250
23
195
34
241
156
93
165
72
229
236
173
191
91
207
36
25
4
276
45
32
298
8
122
249
265
284
79
267
195
270
269
270
166
3
212
22
148
129
146
77
65
19
21
157
278
109
234
282
137
279
67
135
287
189
137
4
226
216
23
121
186
292
92
104
47
4
178
196
133
24
25
251
96
98
160
74
208
94
57
97
73
176
233
112
65
70
117
291
286
140
165
224
185
257
29
284
13
207
232
198
284
10
149
80
108
61
154
68
155
263
166
280
139
151
93
257
221
262
0
259
154
165
235
39
174
264
76
239
224
8
138
208
18
39
288
127
101
194
195
256
210
113
289
101
264
82
58
237
96
111
248
250
276
184
42
151
200
118
90
124
126
280
32
145
72
72
24
173
19
271
181
229
85
170
30
101
4
141
39
100
252
287
51
228
171
93
131
72
211
274
248
89
6
281
286
78
105
10
251
124
34
185
53
119
107
136
220
112
277
11
212
281
299
15
261
222
160
93
294
123
119
243
213
125
276
199
256
133
262
207
258
296
144
63
167
252
199
139
64
228
151
28
209
150
96
171
124
256
16
171
80
187
114
293
64
142
244
20
275
206
280
285
254
124
49
121
128
0
261
244
281
112
273
242
14
69
165
138
25
181
9
157
120
175
202
185
69
199
205
97
105
185
82
112
62
183
233
190
184
246
135
165
58
160
107
124
229
273
15
6
206
76
216
27
4
118
264
73
17
169
170
175
107
5
287
169
188
272
59
124
219
246
41
29
106
149
154
87
174
221
146
132
297
62
211
1
232
175
75
2
45
297
177
204
54
216
73
295
240
184
119
211
131
161
241
237
62
147
77
288
68
223
120
65
37
32
67
269
207
194
271
4
243
200
208
50
168
281
45
109
166
216
20
49
129
13
286
191
160
63
179
280
38
52
46
75
84
165
45
43
111
68
48
106
269
8
156
189
42
253
298
260
170
71
9
299
136
47
243
297
163
174
277
201
226
75
277
62
292
74
106
103
142
206
262
163
214
170
53
8
124
103
268
46
174
29
97
63
77
92
60
240
267
89
193
193
217
170
8
209
296
114
65
139
72
79
54
38
249
107
47
125
211
15
223
137
45
21
200
174
113
12
114
132
154
59
78
123
230
86
32
278
200
149
169
24
228
224
62
230
31
109
55
294
177
31
184
274
52
84
148
217
149
14
50
55
73
180
178
55
266
262
34
218
112
203
242
92
179
4
74
211
166
182
257
43
213
141
69
17
226
217
234
127
283
36
182
56
216
112
164
234
74
198
152
238
153
146
83
33
203
157
296
69
39
253
164
4
147
233
21
125
150
8
252
133
96
186
241
65
298
105
299
72
55
204
63
261
50
146
46
253
3
94
74
95
99
238
99
246
171
173
71
73
181
75
258
277
261
252
94
11
109
94
136
217
50
199
178
100
45
276
106
100
122
232
247
221
171
99
168
94
272
291
220
205
67
230
234
80
182
29
92
44
175
228
261
225
127
191
77
224
167
235
76
289
168
24
262
91
123
182
185
95
174
157
52
241
88
286
21
22
15
165
66
190
93
27
167
272
218
245
196
137
180
25
178
48
49
141
139
172
23
77
19
197
234
71
190
74
57
264
97
125
129
163
67
275
243
235
247
161
180
196
51
60
221
229
161
22
70
52
194
146
129
265
43
116
88
286
190
197
2
287
22
183
151
90
158
146
25
158
59
205
54
110
17
27
40
230
49
162
283
295
8
112
260
104
280
100
90
171
297
144
158
20
27
61
162
186
207
187
44
267
144
150
77
213
229
169
144
278
32
179
25
92
43
37
196
24
137
38
195
134
182
53
206
210
167
68
148
74
255
244
93
151
146
223
65
75
92
261
105
176
192
182
269
235
219
217
259
56
256
206
190
190
260
97
152
179
217
0
5
173
296
99
76
142
74
193
269
166
154
126
95
46
8
116
34
227
33
293
283
41
200
226
232
212
75
84
91
292
137
148
217
133
247
294
28
21
239
297
240
94
124
87
192
184
203
226
112
288
272
147
30
224
125
14
188
252
150
31
297
287
179
214
173
127
260
201
200
200
250
192
46
126
279
290
11
234
269
175
223
241
22
5
217
200
19
105
152
169
136
149
209
15
116
82
194
128
35
147
80
285
39
178
164
71
169
175
5
138
50
280
131
124
285
100
24
56
205
229
278
93
130
187
160
246
21
107
127
56
6
207
93
45
86
257
168
7
184
226
197
286
206
80
111
244
180
187
52
137
168
82
282
299
21
142
245
42
1
124
150
7
84
244
105
222
253
273
229
138
251
178
124
210
258
287
206
190
227
258
79
95
93
61
94
114
203
92
209
257
216
59
264
52
55
69
274
61
43
203
251
294
133
127
204
143
115
162
33
94
121
112
189
266
173
284
80
129
128
289
86
96
101
50
149
208
172
123
269
267
79
272
261
212
100
218
56
215
80
141
9
253
6
250
219
231
286
52
60
114
93
198
263
194
1
112
155
173
287
176
140
66
149
153
31
249
123
139
216
256
280
277
261
286
227
233
218
266
285
30
132
78
281
95
25
34
259
180
207
247
108
99
65
257
4
96
258
180
235
174
136
268
203
149
6
131
82
276
149
67
7
281
198
40
77
223
74
36
155
33
35
263
184
101
221
188
197
231
120
185
106
256
205
9
158
211
192
240
188
93
60
247
75
258
39
204
233
113
292
88
146
28
103
30
129
76
270
26
8
91
263
166
99
168
227
257
80
120
250
20
265
62
19
40
20
58
244
5
171
237
145
69
265
248
151
146
25
173
172
85
264
136
251
116
56
178
125
136
50
127
208
16
189
227
108
261
285
53
266
208
42
111
277
59
112
180
205
189
54
129
274
70
17
277
186
74
155
64
262
258
191
171
274
81
150
82
42
136
187
9
44
281
172
74
40
36
254
297
225
8
179
251
79
196
228
17
22
136
81
37
94
273
208
120
106
58
254
148
246
142
209
43
175
134
117
216
170
71
265
148
80
144
99
211
93
80
228
167
268
10
204
114
35
164
234
141
275
188
41
221
82
251
264
258
85
81
226
7
153
243
155
285
140
7
196
285
139
176
152
159
186
57
273
273
273
207
166
248
147
208
170
282
159
186
292
296
20
218
55
225
213
263
210
53
22
158
38
161
34
243
72
273
52
45
298
25
4
165
274
151
73
196
185
284
134
177
32
154
147
139
79
61
102
41
114
124
251
205
37
286
148
109
11
200
154
9
277
210
226
3
114
299
199
299
35
34
177
119
240
76
259
72
137
61
113
4
238
65
261
275
103
109
137
114
61
43
175
38
254
102
42
68
153
293
119
189
79
48
8
72
125
19
144
14
81
257
18
19
74
279
46
177
140
235
43
201
279
219
292
285
73
86
105
278
131
224
219
263
273
280
35
150
299
179
164
80
136
183
151
211
214
198
140
55
185
184
8
164
155
52
201
280
190
6
258
22
283
178
285
8
158
20
158
157
199
74
290
87
9
141
50
224
91
243
31
277
179
39
193
86
144
147
66
34
205
76
56
188
6
93
248
164
113
158
74
64
233
116
204
242
257
6
166
101
249
249
130
128
289
75
214
133
222
32
219
180
109
276
120
115
121
69
32
287
227
158
51
212
274
7
155
283
14
73
136
263
23
266
144
64
94
58
249
68
91
168
248
252
196
69
119
18
190
203
5
169
61
108
82
87
168
289
71
182
62
207
197
137
226
41
253
72
100
202
140
243
123
89
247
19
210
118
89
100
22
146
21
135
255
103
275
123
92
46
57
207
5
254
96
283
296
50
55
148
4
196
143
127
37
142
147
299
12
288
151
34
135
172
222
142
28
197
17
120
295
74
79
52
80
176
88
128
226
143
276
230
91
171
110
180
65
9
179
78
297
82
164
132
255
138
26
35
35
43
155
82
117
287
187
198
163
275
26
141
170
55
123
262
278
233
194
96
294
126
174
292
208
90
176
215
229
203
250
16
246
158
99
116
197
286
66
112
13
144
253
183
199
128
197
230
114
92
26
108
270
252
100
178
42
29
146
271
232
148
288
230
58
139
46
255
177
112
67
190
257
72
73
208
253
23
190
67
167
268
175
137
220
28
67
15
57
213
38
41
114
26
271
172
217
70
180
94
182
247
284
191
72
110
152
25
185
42
92
52
11
19
189
283
99
256
50
208
222
89
249
88
167
273
260
85
43
192
179
277
140
216
169
264
78
73
289
263
115
133
67
178
152
256
214
4
264
264
212
238
53
214
26
221
239
39
6
282
231
237
11
123
205
232
87
283
5
128
298
173
261
65
51
166
73
17
170
90
282
134
80
35
48
159
8
287
198
66
21
181
4
85
5
261
17
144
297
75
273
47
248
286
165
51
152
290
69
74
80
51
209
213
138
257
72
147
297
270
265
70
203
21
155
208
283
225
105
280
0
130
79
0
116
244
103
269
235
172
95
15
275
4
228
166
14
52
13
11
22
278
133
226
0
41
186
35
266
43
67
18
173
146
70
290
91
173
11
26
46
106
93
73
163
74
239
177
126
4
188
201
35
73
127
87
114
65
122
80
109
189
150
34
35
220
76
178
94
139
204
192
298
50
265
161
124
257
38
250
261
278
203
296
51
82
83
166
148
257
246
9
146
97
43
234
17
172
112
163
11
69
55
9
119
73
170
295
30
208
297
291
186
201
40
238
283
175
104
183
133
102
244
31
251
288
265
21
212
130
184
223
251
292
233
122
65
155
117
95
64
166
138
2
67
230
292
103
106
148
286
239
251
231
270
202
271
288
223
183
170
160
158
121
152
91
295
217
247
112
64
63
278
254
117
98
185
110
201
43
258
239
34
209
170
56
164
193
44
139
76
266
299
235
139
203
78
134
172
77
298
236
192
29
243
10
127
180
120
80
223
130
19
257
92
190
13
256
83
110
147
212
76
199
199
268
102
29
102
275
107
101
263
299
182
206
61
9
138
233
89
61
64
108
70
156
50
84
164
186
246
63
98
74
262
49
42
117
78
197
92
185
298
107
237
232
66
298
241
204
284
82
18
48
190
88
256
293
224
120
179
170
183
29
245
198
78
39
15
156
236
159
94
286
266
31
218
84
81
211
289
65
293
59
165
236
147
121
229
72
293
108
294
177
189
291
75
267
31
142
123
19
1
269
6
19
0
224
104
134
136
145
251
181
204
117
117
51
290
46
175
284
206
170
161
95
161
288
114
244
130
290
264
131
259
270
150
12
246
6
146
134
151
149
16
55
266
133
159
257
232
34
241
138
256
154
286
118
194
100
114
24
90
78
207
50
100
109
62
47
116
260
233
19
109
1
75
128
187
286
137
119
20
130
9
277
284
47
147
230
148
261
254
290
92
213
92
192
22
154
291
190
166
225
210
28
226
37
156
113
23
45
284
95
175
294
124
211
41
271
141
241
285
147
232
77
60
24
269
134
231
13
25
149
238
287
177
216
24
85
30
99
130
14
246
57
60
71
20
154
94
161
95
79
8
79
208
120
104
230
255
87
243
32
236
233
19
166
149
95
251
179
246
134
246
192
243
58
263
264
212
110
125
8
241
186
87
150
